1.0
0.9996102899999999
0.99930348
0.99907022
0.9989011900000001
0.9987870400000001
0.9987184499999999
0.9986860799999999
0.99868059
0.99869265
0.99871293
0.99873216
0.9987488600000001
0.99877571
0.99882691
0.9989166399999999
0.9990591
0.99926107
0.99949027
0.99970169
0.99985026
0.9998909300000001
0.99978076
0.9995160899999999
0.99912816
0.99864944
0.99811239
0.9975494599999999
0.99698767
0.9964413099999999
0.9959228700000001
0.9954448100000001
0.99501961
0.9946539499999999
0.9943141700000001
0.9939494
0.99350871
0.9929411800000001
0.9921983699999999
0.9913036299999999
0.9903611099999999
0.9894792699999999
0.98876657
0.98833145
0.9882317100000001
0.9883706600000001
0.9886222299999999
0.98886034
0.98895895
0.98880304
0.9883816
0.9877406
0.9869265700000001
0.9859860599999999
0.9849656099999999
0.98391176
0.9828710700000001
0.9818900599999999
0.98101529
0.9802932999999999
